0 0.337402 0.0221354 0.102539 0.0442708
0 0.244141 0.0175781 0.0800781 0.0351562
0 0.70166 0.031901 0.0908203 0.0533854
0 0.776367 0.463542 0.0878906 0.111979
0 0.925781 0.372396 0.109375 0.119792
0 0.963867 0.0533854 0.0683594 0.0885417
0 0.526367 0.0377604 0.119141 0.0703125
0 0.75 0.802083 0.0976562 0.145833
0 0.0424805 0.639323 0.0712891 0.177083
0 0.0410156 0.197266 0.0820312 0.16276
0 0.441406 0.554688 0.09375 0.130208
0 0.626465 0.214193 0.0986328 0.136719
0 0.811523 0.0579427 0.123047 0.110677
0 0.0424805 0.431641 0.0849609 0.16276
0 0.0512695 0.0683594 0.100586 0.123698
0 0.157227 0.666016 0.117188 0.160156
0 0.960938 0.277344 0.078125 0.153646
0 0.727539 0.261068 0.0878906 0.11849
0 0.0571289 0.783203 0.106445 0.160156
0 0.32666 0.201823 0.104492 0.148438
0 0.628906 0.341146 0.0976562 0.130208
0 0.399902 0.445312 0.0908203 0.138021
0 0.155762 0.0800781 0.118164 0.144531
0 0.624023 0.459635 0.0976562 0.130208
0 0.394531 0.763021 0.105469 0.169271
0 0.718262 0.408854 0.0986328 0.140625
0 0.414551 0.0761719 0.114258 0.152344
0 0.182617 0.801432 0.113281 0.154948
0 0.780762 0.577474 0.0927734 0.128906
0 0.233887 0.285807 0.118164 0.157552
0 0.706055 0.652995 0.0976562 0.11849
0 0.235352 0.533203 0.111328 0.152344
0 0.143066 0.220703 0.124023 0.157552
0 0.525879 0.416016 0.104492 0.134115
0 0.43457 0.196615 0.0917969 0.15625
0 0.162109 0.384766 0.117188 0.160156
0 0.94873 0.675781 0.102539 0.153646
0 0.65918 0.778646 0.0917969 0.138021
0 0.826172 0.169271 0.101562 0.148438
0 0.729492 0.132812 0.101562 0.138021
0 0.0664062 0.307943 0.121094 0.16276
0 0.11084 0.494141 0.116211 0.147135
0 0.804199 0.719401 0.0927734 0.134115
0 0.523438 0.303385 0.115234 0.127604
0 0.629395 0.0748698 0.0966797 0.139323
0 0.461426 0.688151 0.114258 0.134115
0 0.853027 0.486979 0.0986328 0.138021
0 0.540527 0.764323 0.104492 0.148438
0 0.530273 0.573568 0.105469 0.136719
0 0.27002 0.110026 0.116211 0.160156
0 0.680176 0.539714 0.110352 0.113281
0 0.928223 0.147135 0.0966797 0.140625
0 0.379395 0.3125 0.120117 0.145833
0 0.348145 0.588542 0.108398 0.158854
0 0.867676 0.632812 0.0927734 0.138021
0 0.285156 0.427734 0.109375 0.160156
0 0.288574 0.688802 0.114258 0.161458
0 0.583008 0.657552 0.105469 0.119792
0 0.526855 0.14388 0.104492 0.139323
