0 0.594238 0.0364583 0.0302734 0.0364583
0 0.00830078 0.742188 0.0166016 0.0546875
0 0.447266 0.4375 0.0351562 0.0494792
0 0.00830078 0.567057 0.0166016 0.0481771
0 0.192871 0.649089 0.0361328 0.0403646
0 0.516113 0.0436198 0.0361328 0.0429688
0 0.0214844 0.524089 0.0371094 0.0507812
0 0.236816 0.697917 0.0244141 0.0364583
0 0.472656 0.385417 0.0195312 0.03125
0 0.0336914 0.0201823 0.0302734 0.0325521
0 0.343262 0.592448 0.0263672 0.0364583
0 0.186035 0.716797 0.0302734 0.0429688
0 0.531738 0.0104167 0.0283203 0.0208333
0 0.85791 0.329427 0.0478516 0.0677083
0 0.0849609 0.752604 0.03125 0.0442708
0 0.348145 0.530599 0.0341797 0.0325521
0 0.139648 0.669271 0.03125 0.0364583
0 0.259277 0.03125 0.0302734 0.0390625
0 0.133789 0.571615 0.0292969 0.0338542
0 0.0410156 0.619141 0.0234375 0.0351562
0 0.629395 0.0358073 0.0341797 0.0429688
0 0.0683594 0.0664062 0.0292969 0.0364583
0 0.0688477 0.615885 0.0224609 0.0364583
0 0.00878906 0.0214844 0.0175781 0.0299479
0 0.0166016 0.854167 0.0332031 0.0390625
0 0.152344 0.453776 0.03125 0.0455729
0 0.110352 0.799479 0.0234375 0.0338542
0 0.0195312 0.416016 0.0332031 0.0429688
0 0.0527344 0.266276 0.0332031 0.0455729
0 0.384766 0.641927 0.0292969 0.0390625
0 0.173828 0.783854 0.03125 0.0442708
0 0.362305 0.504557 0.03125 0.0377604
0 0.019043 0.597656 0.0302734 0.0390625
0 0.524414 0.0338542 0.0292969 0.0390625
0 0.178223 0.557292 0.0322266 0.046875
0 0.134277 0.0878906 0.0302734 0.0403646
0 0.227539 0.0201823 0.0351562 0.0377604
0 0.0947266 0.617188 0.0273438 0.0364583
0 0.558594 0.00976562 0.03125 0.0195312
0 0.249023 0.144531 0.03125 0.0416667
0 0.146973 0.802083 0.0283203 0.0416667
0 0.327148 0.561198 0.03125 0.0442708
0 0.54834 0.0716146 0.0302734 0.0390625
0 0.157715 0.589844 0.0322266 0.0416667
0 0.205566 0.327474 0.0322266 0.0455729
0 0.481934 0.30013 0.0263672 0.0325521
0 0.167969 0.0247396 0.0273438 0.0364583
0 0.517578 0.342448 0.0351562 0.0442708
0 0.465332 0.360026 0.0263672 0.0351562
0 0.0600586 0.875651 0.0302734 0.0429688
0 0.16748 0.518229 0.0302734 0.0390625
0 0.425781 0.401042 0.0234375 0.0338542
0 0.575684 0.0638021 0.0302734 0.0416667
0 0.15332 0.548177 0.0273438 0.0390625
0 0.417969 0.522786 0.0332031 0.0481771
0 0.134766 0.519531 0.03125 0.0390625
0 0.0131836 0.820964 0.0263672 0.0377604
0 0.441895 0.369141 0.0263672 0.0351562
0 0.0756836 0.53776 0.0283203 0.0390625
0 0.0307617 0.561849 0.0302734 0.0377604
0 0.279785 0.0664062 0.0341797 0.0390625
0 0.395996 0.60612 0.0302734 0.0377604
0 0.172852 0.619141 0.0332031 0.0403646
0 0.0366211 0.0683594 0.0283203 0.0377604
0 0.436035 0.492188 0.0341797 0.0416667
0 0.498047 0.402995 0.03125 0.0429688
0 0.104004 0.583333 0.0322266 0.0442708
0 0.508789 0.0592448 0.0332031 0.0403646
0 0.489746 0.363932 0.0263672 0.0377604
0 0.0766602 0.579427 0.0283203 0.0416667
0 0.0556641 0.117839 0.0292969 0.0403646
0 0.366211 0.611979 0.0292969 0.0364583
0 0.513672 0.380859 0.03125 0.0403646
0 0.375977 0.575521 0.0273438 0.0390625
0 0.54834 0.0345052 0.0302734 0.0403646
0 0.415039 0.468099 0.03125 0.0377604
0 0.03125 0.792318 0.03125 0.0377604
0 0.0556641 0.740885 0.0292969 0.0364583
0 0.382812 0.445312 0.03125 0.0442708
0 0.179688 0.0585938 0.0292969 0.0390625
0 0.0249023 0.646484 0.0302734 0.0351562
0 0.110352 0.677734 0.0332031 0.0403646
0 0.149902 0.0553385 0.0283203 0.0351562
0 0.120605 0.551432 0.0302734 0.0351562
0 0.0917969 0.863281 0.03125 0.0416667
0 0.0146484 0.158854 0.0292969 0.0390625
0 0.0874023 0.246094 0.0341797 0.0416667
0 0.246582 0.722656 0.0322266 0.0416667
0 0.0620117 0.705078 0.0283203 0.0377604
0 0.477051 0.328125 0.0283203 0.0364583
0 0.102539 0.0957031 0.03125 0.0403646
0 0.0625 0.777995 0.03125 0.0351562
0 0.111816 0.641927 0.0302734 0.0364583
0 0.12793 0.607422 0.0332031 0.0429688
0 0.407227 0.569661 0.03125 0.0377604
0 0.450684 0.401042 0.0302734 0.0390625
0 0.208984 0.0566406 0.0332031 0.0429688
0 0.213867 0.73112 0.0332031 0.0403646
0 0.0703125 0.836589 0.03125 0.0429688
0 0.414062 0.431641 0.0292969 0.0377604
0 0.0336914 0.721354 0.0322266 0.0442708
