0 0.994629 0.61849 0.0107422 0.0625
0 0.339844 0.0104167 0.0566406 0.0182292
0 0.984375 0.472005 0.0273438 0.0898438
0 0.891113 0.267578 0.0693359 0.0950521
0 0.872559 0.827474 0.0634766 0.0898438
0 0.624023 0.21224 0.0722656 0.125
0 0.698242 0.0201823 0.0566406 0.0403646
0 0.0244141 0.1875 0.0488281 0.111979
0 0.394043 0.440755 0.0556641 0.110677
0 0.940918 0.526693 0.0751953 0.102865
0 0.971191 0.046875 0.0576172 0.0859375
0 0.827637 0.169922 0.0751953 0.113281
0 0.918945 0.373698 0.0566406 0.0833333
0 0.800781 0.715495 0.0703125 0.0898438
0 0.526855 0.0253906 0.0869141 0.0507812
0 0.03125 0.642578 0.0625 0.0950521
0 0.628906 0.33724 0.0722656 0.0911458
0 0.969238 0.279297 0.0615234 0.108073
0 0.797852 0.307292 0.0703125 0.104167
0 0.867188 0.634115 0.0761719 0.0833333
0 0.0297852 0.423828 0.0576172 0.0898438
0 0.179688 0.799479 0.0761719 0.104167
0 0.13916 0.211589 0.0986328 0.108073
0 0.0507812 0.77474 0.0839844 0.09375
0 0.932129 0.143229 0.0712891 0.104167
0 0.726562 0.255859 0.0703125 0.10026
0 0.442383 0.552083 0.0644531 0.106771
0 0.708496 0.64974 0.0751953 0.0885417
0 0.379395 0.314453 0.0849609 0.105469
0 0.814941 0.0449219 0.0888672 0.0898438
0 0.346191 0.59375 0.0693359 0.09375
0 0.232422 0.292969 0.0839844 0.09375
0 0.438477 0.190104 0.0820312 0.111979
0 0.15918 0.0794271 0.0957031 0.104167
0 0.0454102 0.0559896 0.0908203 0.111979
0 0.538086 0.759766 0.0800781 0.0924479
0 0.728516 0.134115 0.0742188 0.109375
0 0.150879 0.669922 0.0830078 0.0924479
0 0.410645 0.0644531 0.0908203 0.115885
0 0.523438 0.297526 0.0878906 0.0898438
0 0.715332 0.411458 0.0693359 0.0989583
0 0.287598 0.430339 0.0751953 0.105469
0 0.854492 0.492188 0.0761719 0.0963542
0 0.524902 0.410156 0.0791016 0.0885417
0 0.26709 0.108724 0.0927734 0.115885
0 0.747559 0.804688 0.0673828 0.106771
0 0.95166 0.673177 0.0771484 0.09375
0 0.288574 0.688151 0.0849609 0.0950521
0 0.526855 0.138672 0.0771484 0.102865
0 0.77832 0.578125 0.0722656 0.0989583
0 0.32373 0.198568 0.0751953 0.105469
0 0.524414 0.575521 0.0839844 0.0885417
0 0.583496 0.657552 0.0869141 0.0885417
0 0.661621 0.779948 0.0810547 0.0989583
0 0.232422 0.531901 0.0820312 0.0950521
0 0.459961 0.682292 0.0839844 0.0911458
0 0.159668 0.384115 0.0888672 0.0989583
0 0.386719 0.76237 0.0742188 0.102865
0 0.679688 0.540365 0.0859375 0.0833333
0 0.628906 0.0703125 0.0878906 0.109375
0 0.105469 0.491536 0.0859375 0.102865
0 0.065918 0.30599 0.0947266 0.106771
0 0.618164 0.451823 0.0878906 0.104167
