0 0.0249023 0.645833 0.0146484 0.0208333
0 0.609863 0.00911458 0.0126953 0.0130208
0 0.115234 0.258464 0.015625 0.0273438
0 0.760742 0.0130208 0.0117188 0.015625
0 0.0449219 0.384766 0.015625 0.0221354
0 0.00732422 0.459635 0.0126953 0.03125
0 0.0351562 0.444661 0.0175781 0.0247396
0 0.0786133 0.575521 0.0107422 0.0130208
0 0.553223 0.10612 0.0107422 0.0221354
0 0.0693359 0.835938 0.0117188 0.0260417
0 0.435059 0.492839 0.0146484 0.0195312
0 0.0336914 0.015625 0.0146484 0.0208333
0 0.0356445 0.0664062 0.0126953 0.0182292
0 0.192383 0.0585938 0.0214844 0.0286458
0 0.630371 0.0358073 0.0126953 0.0195312
0 0.00634766 0.265625 0.00878906 0.0182292
0 0.119629 0.55013 0.0166016 0.0221354
0 0.112305 0.346354 0.0117188 0.015625
0 0.0688477 0.613932 0.0146484 0.0247396
0 0.166016 0.184896 0.015625 0.0260417
0 0.0297852 0.559896 0.0185547 0.0234375
0 0.0834961 0.691406 0.0146484 0.0208333
0 0.236328 0.697266 0.00976562 0.0143229
0 0.547852 0.0345052 0.0136719 0.0221354
0 0.246582 0.723307 0.0126953 0.0169271
0 0.139648 0.666016 0.0136719 0.0143229
0 0.00439453 0.567708 0.00683594 0.0286458
0 0.00634766 0.664714 0.0107422 0.0169271
0 0.217773 0.145833 0.0175781 0.03125
0 0.205078 0.327474 0.0136719 0.0195312
0 0.250488 0.14388 0.0185547 0.0247396
0 0.100586 0.00520833 0.0136719 0.0104167
0 0.118652 0.227214 0.0146484 0.0143229
0 0.00585938 0.627604 0.00976562 0.0182292
0 0.0830078 0.650391 0.0136719 0.0195312
0 0.437988 0.561198 0.0126953 0.0182292
0 0.0322266 0.792318 0.0136719 0.0195312
0 0.0136719 0.769531 0.0117188 0.0130208
0 0.251465 0.0794271 0.0166016 0.0234375
0 0.547363 0.0703125 0.0166016 0.0234375
0 0.45166 0.526693 0.0146484 0.0195312
0 0.0556641 0.740234 0.0195312 0.0299479
0 0.279785 0.0657552 0.0185547 0.0247396
0 0.135254 0.570312 0.0146484 0.0182292
0 0.190918 0.174479 0.0166016 0.0260417
0 0.0102539 0.820964 0.0166016 0.0221354
0 0.192383 0.647135 0.0136719 0.0208333
0 0.151855 0.121745 0.0146484 0.0221354
0 0.193359 0.586589 0.0136719 0.0195312
0 0.168457 0.652995 0.0126953 0.0143229
0 0.0961914 0.313151 0.0185547 0.0351562
0 0.102051 0.093099 0.0166016 0.0221354
0 0.0615234 0.705078 0.0136719 0.0221354
0 0.154297 0.548828 0.0136719 0.0221354
0 0.00488281 0.498047 0.00976562 0.0273438
0 0.00683594 0.196615 0.0136719 0.0208333
0 0.0756836 0.289062 0.0205078 0.0260417
0 0.0913086 0.207682 0.0166016 0.0247396
0 0.00634766 0.0208333 0.0126953 0.0234375
0 0.10498 0.582031 0.0166016 0.0234375
0 0.0952148 0.615885 0.0166016 0.0234375
0 0.0200195 0.413411 0.0166016 0.0221354
0 0.0546875 0.116536 0.0136719 0.0221354
0 0.0351562 0.190755 0.015625 0.0195312
0 0.0688477 0.0644531 0.0146484 0.0247396
0 0.0449219 0.154297 0.0136719 0.0221354
0 0.199219 0.0234375 0.015625 0.0234375
0 0.259277 0.030599 0.0166016 0.0247396
0 0.0644531 0.18099 0.015625 0.0260417
0 0.575195 0.063151 0.015625 0.0221354
0 0.14209 0.636068 0.0166016 0.0247396
0 0.158691 0.588542 0.0146484 0.0234375
0 0.168457 0.0227865 0.0166016 0.0273438
0 0.0288086 0.126953 0.0146484 0.0221354
0 0.0214844 0.522135 0.0214844 0.03125
0 0.111816 0.641276 0.0146484 0.0195312
0 0.0239258 0.223958 0.0166016 0.0234375
0 0.17334 0.617839 0.0166016 0.0221354
0 0.11084 0.673828 0.0205078 0.0247396
0 0.0136719 0.158854 0.0195312 0.0234375
0 0.0869141 0.246745 0.0175781 0.0221354
0 0.128418 0.60612 0.0185547 0.0247396
0 0.180664 0.0566406 0.0175781 0.0247396
0 0.0532227 0.264974 0.0205078 0.0273438
0 0.229004 0.0169271 0.0185547 0.0234375
0 0.0351562 0.719401 0.0195312 0.0247396
0 0.150391 0.0540365 0.0175781 0.0273438
0 0.209473 0.0546875 0.0185547 0.0286458
